space => 2,12,3,8
dog => 
space odyssey => 12,2,3,8
space AND odyssey => 12
"space odyssey" => 12
"2001: A Space Odyssey" => 
Space AND Odyssey AND Kubrik => 
"Full Metal Jacket" => 3,7
"clockwork orange" => 9
clockwork orange => 9,10
"Killer's Kiss" => 4
killer kiss => 4,5
(space AND odyssey) OR orange => 12,9,10
space OR (orange AND kiss) AND kubrik => 3,2,12,8
(kiss AND killer) AND (danger OR full) => 4
test test test space => 13,2,3,8,12
ki* => 5,4
*er => 5,12,4
"*er ki*" => 4,5,5,5,5,5,5,5,5,4,5,5,5,5,5,5,5,5,4,5,5,5,5,5,5,5,5,4,5,5,5,5,5,5,5,5,4,4,5,5,5,5,5,5,5,5,4,5,5,5,5,5,5,5,5,4,5,5,5,5,5,5,5,5,4,5,5,5,5,5,5,5,5,4,4,5,5,5,5,5,5,5,5,4,5,5,5,5,5,5,5,5,4,5,5,5,5,5,5,5,5,4,5,5,5,5,5,5,5,5,4,4,5,5,5,5,5,5,5,5,4,5,5,5,5,5,5,5,5,4,5,5,5,5,5,5,5,5,4,5,5,5,5,5,5,5,5,4,4,5,5,5,5,5,5,5,5,4,5,5,5,5,5,5,5,5,4,5,5,5,5,5,5,5,5,4,5,5,5,5,5,5,5,5,4,4,5,5,5,5,5,5,5,5,4,5,5,5,5,5,5,5,5,4,5,5,5,5,5,5,5,5,4,5,5,5,5,5,5,5,5,4,4,5,5,5,5,5,5,5,5,4,5,5,5,5,5,5,5,5,4,5,5,5,5,5,5,5,5,4,5,5,5,5,5,5,5,5,4,4,5,5,5,5,5,5,5,5,4,5,5,5,5,5,5,5,5,4,5,5,5,5,5,5,5,5,4,5,5,5,5,5,5,5,5,4,4,5,5,5,5,5,5,5,5,4,5,5,5,5,5,5,5,5,4,5,5,5,5,5,5,5,5,4,5,5,5,5,5,5,5,5,4,4,5,5,5,5,5,5,5,5,4,5,5,5,5,5,5,5,5,4,5,5,5,5,5,5,5,5,4,5,5,5,5,5,5,5,5,4,4,5,5,5,5,5,5,5,5,4,5,5,5,5,5,5,5,5,4,5,5,5,5,5,5,5,5,4,5,5,5,5,5,5,5,5,4,4,5,5,5,5,5,5,5,5,4,5,5,5,5,5,5,5,5,4,5,5,5,5,5,5,5,5,4,5,5,5,5,5,5,5,5,4,4,5,5,5,5,5,5,5,5,4,5,5,5,5,5,5,5,5,4,5,5,5,5,5,5,5,5,4,5,5,5,5,5,5,5,5,4,4,5,5,5,5,5,5,5,5,4,5,5,5,5,5,5,5,5,4,5,5,5,5,5,5,5,5,4,5,5,5,5,5,5,5,5,4,4,5,5,5,5,5,5,5,5,4,5,5,5,5,5,5,5,5,4,5,5,5,5,5,5,5,5,4,5,5,5,5,5,5,5,5,4,4,5,5,5,5,5,5,5,5,4,5,5,5,5,5,5,5,5,4,5,5,5,5,5,5,5,5,4,5,5,5,5,5,5,5,5,4,4,5,5,5,5,5,5,5,5,4,5,5,5,5,5,5,5,5,4,5,5,5,5,5,5,5,5,4,5,5,5,5,5,5,5,5,4,4,5,5,5,5,5,5,5,5,4,5,5,5,5,5,5,5,5,4,5,5,5,5,5,5,5,5,4,5,5,5,5,5,5,5,5,4,4,5,5,5,5,5,5,5,5,4,5,5,5,5,5,5,5,5,4,5,5,5,5,5,5,5,5,4,5,5,5,5,5,5,5,5,4,4,5,5,5,5,5,5,5,5,4,5,5,5,5,5,5,5,5,4,5,5,5,5,5,5,5,5,4,5,5,5,5,5,5,5,5,4,4,5,5,5,5,5,5,5,5,4,5,5,5,5,5,5,5,5,4,5,5,5,5,5,5,5,5,4,5,5,5,5,5,5,5,5,4,4,5,5,5,5,5,5,5,5,4,5,5,5,5,5,5,5,5,4,5,5,5,5,5,5,5,5,4,5,5,5,5,5,5,5,5,4,4,5,5,5,5,5,5,5,5,4,5,5,5,5,5,5,5,5,4,5,5,5,5,5,5,5,5,4,5,5,5,5,5,5,5,5,4,4,5,5,5,5,5,5,5,5,4,5,5,5,5,5,5,5,5,4,5,5,5,5,5,5,5,5,4,5,5,5,5,5,5,5,5,4,4,5,5,5,5,5,5,5,5,4,5,5,5,5,5,5,5,5,4,5,5,5,5,5,5,5,5,4,5,5,5,5,5,5,5,5,4,4,5,5,5,5,5,5,5,5,4,5,5,5,5,5,5,5,5,4,5,5,5,5,5,5,5,5,4,5,5,5,5,5,5,5,5,4,4,5,5,5,5,5,5,5,5,4,5,5,5,5,5,5,5,5,4,5,5,5,5,5,5,5,5,4,5,5,5,5,5,5,5,5,4,4,5,5,5,5,5,5,5,5,4,5,5,5,5,5,5,5,5,4,5,5,5,5,5,5,5,5,4,5,5,5,5,5,5,5,5,4,4,5,5,5,5,5,5,5,5,4,5,5,5,5,5,5,5,5,4,5,5,5,5,5,5,5,5,4,5,5,5,5,5,5,5,5,4,4,5,5,5,5,5,5,5,5,4,5,5,5,5,5,5,5,5,4,5,5,5,5,5,5,5,5,4,5,5,5,5,5,5,5,5,4,4,5,5,5,5,5,5,5,5,4,5,5,5,5,5,5,5,5,4,5,5,5,5,5,5,5,5,4,5,5,5,5,5,5,5,5,4,4,5,5,5,5,5,5,5,5,4,5,5,5,5,5,5,5,5,4,5,5,5,5,5,5,5,5,4,5,5,5,5,5,5,5,5,4,4,5,5,5,5,5,5,5,5,4,5,5,5,5,5,5,5,5,4,5,5,5,5,5,5,5,5,4,5,5,5,5,5,5,5,5,4,4,5,5,5,5,5,5,5,5,4,5,5,5,5,5,5,5,5,4,5,5,5,5,5,5,5,5,4,5,5,5,5,5,5,5,5,4,4,5,5,5,5,5,5,5,5,4,5,5,5,5,5,5,5,5,4,5,5,5,5,5,5,5,5,4,5,5,5,5,5,5,5,5,4,4,5,5,5,5,5,5,5,5,4,5,5,5,5,5,5,5,5,4,5,5,5,5,5,5,5,5,4,5,5,5,5,5,5,5,5,4,4,5,5,5,5,5,5,5,5,4,5,5,5,5,5,5,5,5,4,5,5,5,5,5,5,5,5,4,5,5,5,5,5,5,5,5,4,4,5,5,5,5,5,5,5,5,4,5,5,5,5,5,5,5,5,4,5,5,5,5,5,5,5,5,4,5,5,5,5,5,5,5,5,4,4,5,5,5,5,5,5,5,5,4,5,5,5,5,5,5,5,5,4,5,5,5,5,5,5,5,5,4,5,5,5,5,5,5,5,5,4,4,5,5,5,5,5,5,5,5,4,5,5,5,5,5,5,5,5,4,5,5,5,5,5,5,5,5,4,5,5,5,5,5,5,5,5,4,4,5,5,5,5,5,5,5,5,4,5,5,5,5,5,5,5,5,4,5,5,5,5,5,5,5,5,4,5,5,5,5,5,5,5,5,4,4,5,5,5,5,5,5,5,5,4,5,5,5,5,5,5,5,5,4,5,5,5,5,5,5,5,5,4,5,5,5,5,5,5,5,5,4,4,5,5,5,5,5,5,5,5,4,5,5,5,5,5,5,5,5,4,5,5,5,5,5,5,5,5,4,5,5,5,5,5,5,5,5,4,4,5,5,5,5,5,5,5,5,4,5,5,5,5,5,5,5,5,4,5,5,5,5,5,5,5,5,4,5,5,5,5,5,5,5,5,4,4,5,5,5,5,5,5,5,5,4,5,5,5,5,5,5,5,5,4,5,5,5,5,5,5,5,5,4,5,5,5,5,5,5,5,5,4,4,5,5,5,5,5,5,5,5,4,5,5,5,5,5,5,5,5,4,5,5,5,5,5,5,5,5,4,5,5,5,5,5,5,5,5,4,4,5,5,5,5,5,5,5,5,4,5,5,5,5,5,5,5,5,4,5,5,5,5,5,5,5,5,4,5,5,5,5,5,5,5,5,4,4,5,5,5,5,5,5,5,5,4,5,5,5,5,5,5,5,5,4,5,5,5,5,5,5,5,5,4,5,5,5,5,5,5,5,5,4,4,5,5,5,5,5,5,5,5,4,5,5,5,5,5,5,5,5,4,5,5,5,5,5,5,5,5,4,5,5,5,5,5,5,5,5,4,4,5,5,5,5,5,5,5,5,4,5,5,5,5,5,5,5,5,4,5,5,5,5,5,5,5,5,4,5,5,5,5,5,5,5,5,4,4,5,5,5,5,5,5,5,5,4,5,5,5,5,5,5,5,5,4,5,5,5,5,5,5,5,5,4,5,5,5,5,5,5,5,5,4,4,5,5,5,5,5,5,5,5,4,5,5,5,5,5,5,5,5,4,5,5,5,5,5,5,5,5,4,5,5,5,5,5,5,5,5,4,4,5,5,5,5,5,5,5,5,4,5,5,5,5,5,5,5,5,4,5,5,5,5,5,5,5,5,4,5,5,5,5,5,5,5,5,4,4,5,5,5,5,5,5,5,5,4,5,5,5,5,5,5,5,5,4,5,5,5,5,5,5,5,5,4,5,5,5,5,5,5,5,5,4,4,5,5,5,5,5,5,5,5,4,5,5,5,5,5,5,5,5,4,5,5,5,5,5,5,5,5,4,5,5,5,5,5,5,5,5,4,4,5,5,5,5,5,5,5,5,4,5,5,5,5,5,5,5,5,4,5,5,5,5,5,5,5,5,4,5,5,5,5,5,5,5,5,4,4,5,5,5,5,5,5,5,5,4,5,5,5,5,5,5,5,5,4,5,5,5,5,5,5,5,5,4,5,5,5,5,5,5,5,5,4,4,5,5,5,5,5,5,5,5,4,5,5,5,5,5,5,5,5,4,5,5,5,5,5,5,5,5,4,5,5,5,5,5,5,5,5,4,4,5,5,5,5,5,5,5,5,4,5,5,5,5,5,5,5,5,4,5,5,5,5,5,5,5,5,4,5,5,5,5,5,5,5,5,4,4,5,5,5,5,5,5,5,5,4,5,5,5,5,5,5,5,5,4,5,5,5,5,5,5,5,5,4,5,5,5,5,5,5,5,5,4,4,5,5,5,5,5,5,5,5,4,5,5,5,5,5,5,5,5,4,5,5,5,5,5,5,5,5,4,5,5,5,5,5,5,5,5,4,4,5,5,5,5,5,5,5,5,4,5,5,5,5,5,5,5,5,4,5,5,5,5,5,5,5,5,4,5,5,5,5,5,5,5,5,4,4,5,5,5,5,5,5,5,5,4,5,5,5,5,5,5,5,5,4,5,5,5,5,5,5,5,5,4,5,5,5,5,5,5,5,5,4,4,5,5,5,5,5,5,5,5,4,5,5,5,5,5,5,5,5,4,5,5,5,5,5,5,5,5,4,5,5,5,5,5,5,5,5,4
